11 11
255 255 255 255 255 255 127 63 0 127 63 0 127 63 0 127 63 0 127 63 0 127 63 0 127 63 0 255 255 255 255 255 255 
255 255 255 255 255 255 127 63 0 127 63 0 255 188 130 255 188 130 255 188 130 127 63 0 127 63 0 255 255 255 89 0 0 
255 255 255 255 255 255 127 63 0 255 188 130 0 148 255 255 188 130 0 148 255 255 188 130 127 63 0 255 255 255 89 0 0 
255 255 255 255 255 255 127 63 0 255 188 130 255 188 130 255 188 130 255 188 130 255 188 130 127 63 0 255 255 255 89 0 0 
255 255 255 255 255 255 255 255 255 255 188 130 255 189 170 255 189 170 255 189 170 255 188 130 255 255 255 255 255 255 89 0 0 
255 255 255 255 255 255 255 255 255 255 188 130 255 188 130 255 188 130 255 188 130 255 188 130 255 255 255 255 255 255 89 0 0 
255 255 255 255 255 255 255 255 255 255 255 255 255 188 130 255 188 130 255 188 130 255 255 255 255 255 255 255 255 255 89 0 0 
89 0 0 89 0 0 89 0 0 89 0 0 89 0 0 89 0 0 89 0 0 89 0 0 89 0 0 89 0 0 89 0 0 
89 0 0 255 255 255 89 0 0 89 0 0 89 0 0 89 0 0 89 0 0 89 0 0 89 0 0 255 255 255 255 255 255 
89 0 0 255 255 255 89 0 0 89 0 0 89 0 0 89 0 0 89 0 0 89 0 0 89 0 0 255 255 255 255 255 255 
89 0 0 255 255 255 89 0 0 89 0 0 89 0 0 89 0 0 89 0 0 89 0 0 89 0 0 255 255 255 255 255 255 
