45 45
255 255 255 255 255 255 255 255 255 255 255 255 255 255 255 255 255 255 255 255 255 255 255 255 255 255 255 255 255 255 255 255 255 255 255 255 255 255 255 255 255 255 255 255 255 255 255 255 255 255 255 255 255 255 255 255 255 82 115 57 82 115 57 255 255 255 255 255 255 255 255 255 255 255 255 255 255 255 255 255 255 255 255 255 255 255 255 255 255 255 255 255 255 255 255 255 255 255 255 255 255 255 255 255 255 255 255 255 255 255 255 255 255 255 255 255 255 255 255 255 255 255 255 255 255 255 255 255 255 0 0 0 255 255 255 
255 255 255 255 255 255 255 255 255 255 255 255 255 255 255 255 255 255 255 255 255 255 255 255 255 255 255 255 255 255 255 255 255 255 255 255 255 255 255 82 115 57 82 115 57 82 115 57 255 255 255 255 255 255 0 0 0 205 246 139 205 246 139 0 0 0 255 255 255 255 255 255 0 0 0 255 255 255 255 255 255 255 255 255 255 255 255 255 255 255 255 255 255 255 255 255 255 255 255 255 255 255 255 255 255 255 255 255 255 255 255 255 255 255 255 255 255 255 255 255 255 255 255 255 255 255 0 0 0 255 255 255 255 255 255 
255 255 255 255 255 255 255 255 255 255 255 255 255 255 255 255 255 255 255 255 255 255 255 255 255 255 255 255 255 255 255 255 255 255 255 255 82 115 57 148 180 57 172 222 106 172 222 106 82 115 57 0 0 0 205 246 139 205 246 139 172 222 106 172 222 106 0 0 0 0 0 0 255 255 255 255 255 255 255 255 255 255 255 255 255 255 255 255 255 255 255 255 255 255 255 255 255 255 255 255 255 255 255 255 255 255 255 255 255 255 255 255 255 255 255 255 255 255 255 255 255 255 255 255 255 255 255 255 255 255 255 255 255 255 255 
255 255 255 255 255 255 255 255 255 255 255 255 255 255 255 255 255 255 255 255 255 255 255 255 255 255 255 255 255 255 255 255 255 255 255 255 82 115 57 172 222 106 172 222 106 148 180 57 148 180 57 0 0 0 205 246 139 205 246 139 172 222 106 172 222 106 0 0 0 255 255 255 255 255 255 255 255 255 255 255 255 255 255 255 255 255 255 255 255 255 255 255 255 255 255 255 255 255 255 255 255 255 255 255 255 255 255 255 255 255 255 255 255 255 255 255 255 255 255 255 255 255 255 255 255 255 255 255 255 255 255 255 255 255 255 
255 255 255 255 255 255 255 255 255 255 255 255 255 255 255 255 255 255 255 255 255 255 255 255 255 255 255 255 255 255 255 255 255 82 115 57 172 222 106 172 222 106 148 180 57 148 180 57 0 0 0 148 180 57 205 246 139 172 222 106 172 222 106 172 222 106 172 222 106 0 0 0 255 255 255 255 255 255 255 255 255 255 255 255 255 255 255 255 255 255 255 255 255 255 255 255 255 255 255 255 255 255 255 255 255 255 255 255 255 255 255 255 255 255 255 255 255 255 255 255 255 255 255 255 255 255 255 255 255 255 255 255 255 255 255 
255 255 255 255 255 255 255 255 255 255 255 255 255 255 255 255 255 255 255 255 255 255 255 255 255 255 255 255 255 255 255 255 255 82 115 57 172 222 106 172 222 106 148 180 57 148 180 57 0 0 0 172 222 106 205 246 139 172 222 106 172 222 106 172 222 106 172 222 106 0 0 0 255 255 255 255 255 255 255 255 255 255 255 255 255 255 255 255 255 255 255 255 255 255 255 255 255 255 255 255 255 255 255 255 255 255 255 255 255 255 255 255 255 255 255 255 255 255 255 255 255 255 255 255 255 255 255 255 255 255 255 255 255 255 255 
255 255 255 255 255 255 255 255 255 255 255 255 255 255 255 255 255 255 255 255 255 255 255 255 255 255 255 255 255 255 255 255 255 82 115 57 172 222 106 172 222 106 148 180 57 148 180 57 82 115 57 172 222 106 172 222 106 172 222 106 172 222 106 172 222 106 172 222 106 172 222 106 0 0 0 255 255 255 255 255 255 255 255 255 255 255 255 255 255 255 255 255 255 255 255 255 255 255 255 255 255 255 255 255 255 255 255 255 255 255 255 255 255 255 255 255 255 255 255 255 255 255 255 255 255 255 255 255 255 255 255 255 255 255 255 
255 255 255 255 255 255 255 255 255 255 255 255 255 255 255 255 255 255 255 255 255 255 255 255 255 255 255 255 255 255 255 255 255 82 115 57 172 222 106 172 222 106 172 222 106 82 115 57 148 180 57 172 222 106 172 222 106 172 222 106 82 115 57 82 115 57 164 131 0 172 222 106 0 0 0 255 255 255 255 255 255 255 255 255 255 255 255 255 255 255 255 255 255 255 255 255 255 255 255 255 255 255 255 255 255 255 255 255 255 255 255 255 255 255 255 255 255 255 255 255 255 255 255 255 255 255 255 255 255 255 255 255 0 0 0 
255 255 255 255 255 255 255 255 255 255 255 255 255 255 255 255 255 255 255 255 255 255 255 255 255 255 255 255 255 255 164 131 0 82 115 57 172 222 106 172 222 106 172 222 106 82 115 57 172 222 106 172 222 106 172 222 106 82 115 57 255 255 255 0 0 0 255 164 32 148 180 57 0 0 0 255 255 255 255 255 255 255 255 255 255 255 255 255 255 255 255 255 255 255 255 255 255 255 255 255 255 255 255 255 255 255 255 255 255 255 255 255 255 255 255 255 255 255 255 255 255 255 255 255 255 255 255 255 255 255 255 255 255 255 255 
255 255 255 255 255 255 255 255 255 255 255 255 255 255 255 255 255 255 255 255 255 255 255 255 255 255 255 255 255 255 164 131 0 255 230 82 82 115 57 172 222 106 172 222 106 148 180 57 172 222 106 172 222 106 82 115 57 255 255 255 255 255 255 0 0 0 255 255 255 255 164 32 172 222 106 0 0 0 255 255 255 255 255 255 255 255 255 255 255 255 255 255 255 255 255 255 255 255 255 255 255 255 255 255 255 255 255 255 255 255 255 255 255 255 255 255 255 255 255 255 255 255 255 255 255 255 255 255 255 255 255 255 255 255 255 
255 255 255 255 255 255 255 255 255 255 255 255 255 255 255 255 255 255 255 255 255 255 255 255 255 255 255 255 255 255 164 131 0 255 230 82 82 115 57 172 222 106 172 222 106 172 222 106 172 222 106 148 180 57 164 131 0 255 230 82 255 255 255 0 0 0 255 230 82 164 131 0 172 222 106 0 0 0 255 255 255 255 255 255 255 255 255 255 255 255 255 255 255 255 255 255 255 255 255 255 255 255 255 255 255 255 255 255 255 255 255 255 255 255 255 255 255 255 255 255 255 255 255 255 255 255 255 255 255 255 255 255 255 255 255 
255 255 255 255 255 255 255 255 255 255 255 255 255 255 255 255 255 255 255 255 255 255 255 255 255 255 255 255 255 255 164 131 0 255 164 32 82 115 57 148 180 57 172 222 106 172 222 106 172 222 106 172 222 106 164 131 0 255 230 82 255 230 82 0 0 0 255 164 32 164 131 0 148 180 57 0 0 0 255 255 255 255 255 255 255 255 255 255 255 255 255 255 255 255 255 255 255 255 255 255 255 255 255 255 255 255 255 255 255 255 255 255 255 255 255 255 255 255 255 255 255 255 255 255 255 255 255 255 255 255 255 255 255 255 255 
255 255 255 255 255 255 255 255 255 255 255 255 255 255 255 255 255 255 255 255 255 255 255 255 255 255 255 255 255 255 164 131 0 255 164 32 82 115 57 205 246 139 172 222 106 172 222 106 172 222 106 172 222 106 164 131 0 255 164 32 255 164 32 164 131 0 255 164 32 164 131 0 148 180 57 0 0 0 255 255 255 255 255 255 255 255 255 255 255 255 255 255 255 255 255 255 255 255 255 255 255 255 255 255 255 255 255 255 255 255 255 255 255 255 255 255 255 255 255 255 255 255 255 255 255 255 255 255 255 255 255 255 255 255 255 
255 255 255 255 255 255 255 255 255 255 255 255 82 115 57 82 115 57 255 255 255 255 255 255 255 255 255 255 255 255 255 255 255 82 115 57 148 180 57 205 246 139 205 246 139 172 222 106 172 222 106 172 222 106 172 222 106 164 131 0 255 164 32 255 164 32 164 131 0 148 180 57 148 180 57 0 0 0 0 0 0 255 255 255 255 255 255 255 255 255 255 255 255 255 255 255 255 255 255 255 255 255 82 115 57 82 115 57 82 115 57 255 255 255 255 255 255 255 255 255 255 255 255 255 255 255 255 255 255 255 255 255 255 255 255 
255 255 255 255 255 255 255 255 255 82 115 57 172 222 106 148 180 57 0 0 0 255 255 255 255 255 255 255 255 255 82 115 57 172 222 106 205 246 139 205 246 139 172 222 106 172 222 106 172 222 106 172 222 106 172 222 106 172 222 106 164 131 0 164 131 0 148 180 57 148 180 57 148 180 57 0 0 0 255 255 255 255 255 255 255 255 255 255 255 255 255 255 255 255 255 255 255 255 255 82 115 57 148 180 57 172 222 106 172 222 106 0 0 0 255 255 255 255 255 255 255 255 255 255 255 255 255 255 255 255 255 255 255 255 255 
255 255 255 255 255 255 255 255 255 0 0 0 172 222 106 172 222 106 0 0 0 82 115 57 255 255 255 255 255 255 82 115 57 172 222 106 172 222 106 172 222 106 172 222 106 172 222 106 172 222 106 172 222 106 172 222 106 148 180 57 148 180 57 148 180 57 0 0 0 148 180 57 0 0 0 255 255 255 255 255 255 255 255 255 255 255 255 255 255 255 255 255 255 255 255 255 82 115 57 0 0 0 0 0 0 172 222 106 172 222 106 0 0 0 82 115 57 255 255 255 255 255 255 255 255 255 255 255 255 255 255 255 255 255 255 
255 255 255 255 255 255 0 0 0 82 115 57 82 115 57 148 180 57 148 180 57 0 0 0 255 255 255 255 255 255 82 115 57 172 222 106 172 222 106 172 222 106 82 115 57 172 222 106 172 222 106 82 115 57 0 0 0 0 0 0 0 0 0 0 0 0 148 180 57 148 180 57 0 0 0 255 255 255 255 255 255 255 255 255 255 255 255 255 255 255 255 255 255 82 115 57 172 222 106 172 222 106 172 222 106 0 0 0 0 0 0 0 0 0 172 222 106 0 0 0 255 255 255 255 255 255 255 255 255 255 255 255 255 255 255 
255 255 255 255 255 255 0 0 0 172 222 106 172 222 106 82 115 57 148 180 57 0 0 0 255 255 255 255 255 255 255 255 255 82 115 57 172 222 106 172 222 106 172 222 106 172 222 106 0 0 0 0 0 0 222 74 106 222 74 106 222 74 106 172 57 74 148 180 57 0 0 0 255 255 255 255 255 255 255 255 255 255 255 255 255 255 255 255 255 255 255 255 255 0 0 0 148 180 57 172 222 106 172 222 106 0 0 0 82 115 57 148 180 57 172 222 106 0 0 0 255 255 255 255 255 255 255 255 255 255 255 255 255 255 255 
255 255 255 255 255 255 0 0 0 172 222 106 172 222 106 148 180 57 148 180 57 0 0 0 82 115 57 255 255 255 255 255 255 0 0 0 82 115 57 0 0 0 0 0 0 0 0 0 82 115 57 222 74 106 222 74 106 222 74 106 172 57 74 148 180 57 0 0 0 0 0 0 255 255 255 255 255 255 255 255 255 255 255 255 82 115 57 82 115 57 82 115 57 0 0 0 148 180 57 0 0 0 0 0 0 82 115 57 82 115 57 0 0 0 0 0 0 255 255 255 255 255 255 255 255 255 255 255 255 255 255 255 255 255 255 
255 255 255 255 255 255 0 0 0 0 0 0 0 0 0 148 180 57 148 180 57 148 180 57 148 180 57 82 115 57 82 115 57 82 115 57 255 255 255 255 255 255 255 255 255 255 255 255 82 115 57 172 57 74 222 74 106 172 57 74 148 180 57 0 0 0 255 255 255 255 255 255 255 255 255 82 115 57 82 115 57 82 115 57 172 222 106 172 222 106 172 222 106 82 115 57 148 180 57 148 180 57 148 180 57 148 180 57 0 0 0 255 255 255 255 255 255 255 255 255 255 255 255 255 255 255 255 255 255 255 255 255 255 255 255 
255 255 255 255 255 255 255 255 255 0 0 0 0 0 0 148 180 57 148 180 57 172 222 106 172 222 106 172 222 106 172 222 106 172 222 106 82 115 57 82 115 57 82 115 57 82 115 57 148 180 57 0 0 0 222 74 106 172 57 74 148 180 57 148 180 57 82 115 57 82 115 57 82 115 57 172 222 106 172 222 106 172 222 106 172 222 106 172 222 106 172 222 106 148 180 57 148 180 57 0 0 0 0 0 0 82 115 57 255 255 255 255 255 255 255 255 255 255 255 255 255 255 255 255 255 255 255 255 255 255 255 255 255 255 255 
255 255 255 255 255 255 255 255 255 255 255 255 255 255 255 0 0 0 0 0 0 0 0 0 0 0 0 82 115 57 172 222 106 172 222 106 172 222 106 172 222 106 148 180 57 148 180 57 0 0 0 222 74 106 222 74 106 172 57 74 82 115 57 148 180 57 148 180 57 148 180 57 172 222 106 172 222 106 172 222 106 172 222 106 0 0 0 0 0 0 0 0 0 0 0 0 82 115 57 255 255 255 255 255 255 255 255 255 255 255 255 255 255 255 255 255 255 255 255 255 255 255 255 255 255 255 255 255 255 255 255 255 255 255 255 
255 255 255 255 255 255 255 255 255 255 255 255 255 255 255 255 255 255 255 255 255 255 255 255 255 255 255 0 0 0 0 0 0 0 0 0 82 115 57 148 180 57 148 180 57 82 115 57 0 0 0 222 74 106 222 74 106 222 74 106 172 57 74 148 180 57 148 180 57 148 180 57 148 180 57 0 0 0 0 0 0 82 115 57 255 255 255 0 0 0 255 255 255 255 255 255 255 255 255 255 255 255 255 255 255 255 255 255 255 255 255 255 255 255 255 255 255 255 255 255 255 255 255 255 255 255 255 255 255 255 255 255 255 255 255 
255 255 255 255 255 255 255 255 255 255 255 255 255 255 255 255 255 255 255 255 255 255 255 255 255 255 255 255 255 255 255 255 255 255 255 255 255 255 255 0 0 0 0 0 0 172 57 74 222 74 106 238 98 123 238 98 123 222 74 106 172 57 74 82 115 57 0 0 0 0 0 0 0 0 0 255 255 255 0 0 0 255 255 255 0 0 0 255 255 255 255 255 255 255 255 255 255 255 255 255 255 255 255 255 255 255 255 255 255 255 255 255 255 255 255 255 255 255 255 255 255 255 255 255 255 255 255 255 255 255 255 255 255 255 255 
255 255 255 255 255 255 255 255 255 255 255 255 255 255 255 255 255 255 255 255 255 255 255 255 255 255 255 255 255 255 255 255 255 255 255 255 255 255 255 0 0 0 255 255 255 172 57 74 238 98 123 238 98 123 238 98 123 238 98 123 222 74 106 172 57 74 148 180 57 0 0 0 255 255 255 0 0 0 255 255 255 255 255 255 255 255 255 255 255 255 255 255 255 255 255 255 255 255 255 255 255 255 255 255 255 255 255 255 255 255 255 255 255 255 255 255 255 255 255 255 255 255 255 255 255 255 255 255 255 255 255 255 255 255 255 
255 255 255 255 255 255 255 255 255 255 255 255 255 255 255 255 255 255 255 255 255 255 255 255 255 255 255 255 255 255 255 255 255 255 255 255 255 255 255 255 255 255 255 255 255 222 74 106 238 98 123 238 98 123 238 98 123 238 98 123 238 98 123 172 57 74 148 180 57 0 0 0 0 0 0 255 255 255 255 255 255 255 255 255 255 255 255 255 255 255 255 255 255 255 255 255 255 255 255 255 255 255 255 255 255 255 255 255 255 255 255 255 255 255 255 255 255 255 255 255 255 255 255 255 255 255 255 255 255 255 255 255 255 255 255 
255 255 255 255 255 255 255 255 255 255 255 255 255 255 255 255 255 255 255 255 255 255 255 255 255 255 255 255 255 255 255 255 255 255 255 255 255 255 255 255 255 255 0 0 0 238 98 123 238 98 123 238 98 123 238 98 123 238 98 123 238 98 123 172 57 74 148 180 57 148 180 57 0 0 0 255 255 255 255 255 255 255 255 255 255 255 255 255 255 255 255 255 255 255 255 255 255 255 255 255 255 255 255 255 255 255 255 255 255 255 255 255 255 255 255 255 255 255 255 255 255 255 255 255 255 255 255 255 255 255 255 255 255 255 255 
255 255 255 255 255 255 255 255 255 255 255 255 255 255 255 255 255 255 255 255 255 255 255 255 255 255 255 255 255 255 255 255 255 255 255 255 255 255 255 255 255 255 0 0 0 238 98 123 238 98 123 238 98 123 238 98 123 238 98 123 238 98 123 172 57 74 148 180 57 148 180 57 0 0 0 255 255 255 255 255 255 255 255 255 255 255 255 255 255 255 255 255 255 255 255 255 255 255 255 255 255 255 255 255 255 255 255 255 255 255 255 255 255 255 255 255 255 255 255 255 255 255 255 255 255 255 255 255 255 255 255 255 255 255 255 
255 255 255 255 255 255 255 255 255 255 255 255 255 255 255 255 255 255 255 255 255 255 255 255 255 255 255 255 255 255 255 255 255 255 255 255 255 255 255 0 0 0 0 0 0 238 98 123 238 98 123 238 98 123 238 98 123 238 98 123 172 57 74 172 57 74 148 180 57 148 180 57 0 0 0 255 255 255 255 255 255 255 255 255 255 255 255 255 255 255 255 255 255 255 255 255 255 255 255 255 255 255 255 255 255 255 255 255 255 255 255 255 255 255 255 255 255 255 255 255 255 255 255 255 255 255 255 255 255 255 255 255 255 255 255 
255 255 255 255 255 255 255 255 255 255 255 255 255 255 255 255 255 255 255 255 255 255 255 255 255 255 255 255 255 255 255 255 255 255 255 255 255 255 255 255 255 255 255 255 255 172 57 74 172 57 74 172 57 74 172 57 74 172 57 74 222 74 106 172 57 74 148 180 57 82 115 57 0 0 0 255 255 255 255 255 255 255 255 255 255 255 255 255 255 255 255 255 255 255 255 255 255 255 255 255 255 255 255 255 255 255 255 255 255 255 255 255 255 255 49 74 41 49 74 41 49 74 41 255 255 255 255 255 255 255 255 255 255 255 255 
255 255 255 255 255 255 255 255 255 255 255 255 255 255 255 255 255 255 255 255 255 255 255 255 255 255 255 255 255 255 255 255 255 255 255 255 255 255 255 255 255 255 255 255 255 0 0 0 222 74 106 222 74 106 222 74 106 222 74 106 172 57 74 82 115 57 82 115 57 82 115 57 0 0 0 49 74 41 49 74 41 49 74 41 57 106 57 57 106 57 57 106 57 57 106 57 255 255 255 255 255 255 255 255 255 255 255 255 255 255 255 49 74 41 90 156 90 90 156 90 90 156 90 49 74 41 255 255 255 255 255 255 255 255 255 
255 255 255 255 255 255 255 255 255 255 255 255 255 255 255 255 255 255 255 255 255 255 255 255 255 255 255 255 255 255 255 255 255 255 255 255 255 255 255 255 255 255 255 255 255 82 115 57 0 0 0 172 57 74 172 57 74 172 57 74 82 115 57 82 115 57 82 115 57 0 0 0 57 106 57 57 106 57 57 106 57 90 156 90 90 156 90 90 156 90 90 156 90 90 156 90 57 106 57 49 74 41 49 74 41 255 255 255 49 74 41 90 156 90 90 156 90 90 156 90 90 156 90 0 0 0 255 255 255 255 255 255 255 255 255 
255 255 255 255 255 255 255 255 255 255 255 255 255 255 255 255 255 255 255 255 255 255 255 255 255 255 255 255 255 255 255 255 255 255 255 255 255 255 255 255 255 255 255 255 255 82 115 57 82 115 57 82 115 57 0 0 0 0 0 0 82 115 57 82 115 57 148 180 57 0 0 0 57 106 57 57 106 57 90 156 90 90 156 90 90 156 90 90 156 90 90 156 90 90 156 90 90 156 90 90 156 90 90 156 90 0 0 0 0 0 0 57 106 57 90 156 90 90 156 90 57 106 57 57 106 57 0 0 0 255 255 255 255 255 255 
255 255 255 255 255 255 255 255 255 255 255 255 255 255 255 255 255 255 255 255 255 255 255 255 255 255 255 255 255 255 255 255 255 255 255 255 255 255 255 255 255 255 255 255 255 82 115 57 148 180 57 82 115 57 0 0 0 49 74 41 0 0 0 148 180 57 148 180 57 0 0 0 57 106 57 57 106 57 90 156 90 90 156 90 90 156 90 90 156 90 90 156 90 90 156 90 90 156 90 90 156 90 90 156 90 90 156 90 90 156 90 0 0 0 57 106 57 57 106 57 57 106 57 57 106 57 0 0 0 255 255 255 255 255 255 
255 255 255 255 255 255 255 255 255 255 255 255 255 255 255 255 255 255 255 255 255 255 255 255 255 255 255 255 255 255 255 255 255 255 255 255 255 255 255 255 255 255 255 255 255 82 115 57 148 180 57 82 115 57 0 0 0 49 74 41 0 0 0 148 180 57 148 180 57 148 180 57 0 0 0 57 106 57 57 106 57 90 156 90 90 156 90 90 156 90 90 156 90 57 106 57 90 156 90 57 106 57 90 156 90 90 156 90 90 156 90 57 106 57 0 0 0 57 106 57 57 106 57 57 106 57 0 0 0 255 255 255 255 255 255 
255 255 255 255 255 255 255 255 255 255 255 255 255 255 255 255 255 255 255 255 255 255 255 255 255 255 255 255 255 255 255 255 255 255 255 255 255 255 255 255 255 255 0 0 0 148 180 57 148 180 57 0 0 0 255 255 255 0 0 0 49 74 41 0 0 0 148 180 57 148 180 57 0 0 0 57 106 57 57 106 57 57 106 57 90 156 90 90 156 90 57 106 57 90 156 90 57 106 57 90 156 90 57 106 57 90 156 90 57 106 57 57 106 57 57 106 57 57 106 57 57 106 57 57 106 57 0 0 0 255 255 255 255 255 255 
255 255 255 255 255 255 255 255 255 255 255 255 255 255 255 255 255 255 255 255 255 255 255 255 255 255 255 82 115 57 82 115 57 255 255 255 255 255 255 0 0 0 82 115 57 148 180 57 148 180 57 0 0 0 255 255 255 0 0 0 49 74 41 0 0 0 148 180 57 148 180 57 0 0 0 49 74 41 57 106 57 57 106 57 57 106 57 57 106 57 90 156 90 57 106 57 90 156 90 57 106 57 90 156 90 57 106 57 57 106 57 57 106 57 57 106 57 57 106 57 57 106 57 0 0 0 255 255 255 255 255 255 255 255 255 
255 255 255 255 255 255 255 255 255 255 255 255 255 255 255 255 255 255 255 255 255 255 255 255 82 115 57 172 222 106 172 222 106 82 115 57 82 115 57 148 180 57 148 180 57 148 180 57 148 180 57 0 0 0 255 255 255 255 255 255 0 0 0 0 0 0 148 180 57 148 180 57 148 180 57 0 0 0 0 0 0 57 106 57 57 106 57 57 106 57 57 106 57 57 106 57 57 106 57 57 106 57 57 106 57 57 106 57 57 106 57 57 106 57 57 106 57 57 106 57 49 74 41 0 0 0 255 255 255 255 255 255 255 255 255 
255 255 255 255 255 255 255 255 255 255 255 255 255 255 255 255 255 255 255 255 255 255 255 255 82 115 57 172 222 106 0 0 0 0 0 0 148 180 57 148 180 57 82 115 57 148 180 57 148 180 57 0 0 0 255 255 255 255 255 255 255 255 255 0 0 0 148 180 57 148 180 57 148 180 57 0 0 0 49 74 41 0 0 0 0 0 0 57 106 57 57 106 57 57 106 57 57 106 57 57 106 57 57 106 57 57 106 57 57 106 57 57 106 57 57 106 57 57 106 57 0 0 0 255 255 255 255 255 255 255 255 255 255 255 255 
255 255 255 255 255 255 255 255 255 255 255 255 255 255 255 255 255 255 255 255 255 255 255 255 82 115 57 0 0 0 172 222 106 172 222 106 148 180 57 82 115 57 148 180 57 148 180 57 82 115 57 0 0 0 255 255 255 255 255 255 0 0 0 82 115 57 148 180 57 148 180 57 148 180 57 0 0 0 49 74 41 49 74 41 49 74 41 0 0 0 0 0 0 0 0 0 57 106 57 57 106 57 57 106 57 57 106 57 57 106 57 57 106 57 0 0 0 0 0 0 255 255 255 255 255 255 255 255 255 255 255 255 255 255 255 
255 255 255 255 255 255 255 255 255 255 255 255 255 255 255 255 255 255 255 255 255 255 255 255 255 255 255 0 0 0 172 222 106 172 222 106 148 180 57 0 0 0 172 222 106 172 222 106 0 0 0 255 255 255 255 255 255 255 255 255 0 0 0 82 115 57 148 180 57 148 180 57 82 115 57 148 180 57 0 0 0 49 74 41 0 0 0 0 0 0 255 255 255 255 255 255 0 0 0 0 0 0 0 0 0 0 0 0 0 0 0 0 0 0 255 255 255 255 255 255 255 255 255 255 255 255 255 255 255 255 255 255 255 255 255 
255 255 255 255 255 255 255 255 255 255 255 255 255 255 255 255 255 255 255 255 255 255 255 255 255 255 255 255 255 255 0 0 0 0 0 0 0 0 0 82 115 57 172 222 106 172 222 106 0 0 0 255 255 255 255 255 255 0 0 0 172 222 106 172 222 106 82 115 57 148 180 57 148 180 57 82 115 57 172 222 106 0 0 0 255 255 255 255 255 255 255 255 255 255 255 255 255 255 255 255 255 255 255 255 255 255 255 255 255 255 255 255 255 255 255 255 255 255 255 255 255 255 255 255 255 255 255 255 255 255 255 255 255 255 255 
255 255 255 255 255 255 255 255 255 255 255 255 255 255 255 255 255 255 255 255 255 0 0 0 255 255 255 255 255 255 255 255 255 255 255 255 255 255 255 255 255 255 0 0 0 0 0 0 255 255 255 255 255 255 255 255 255 0 0 0 172 222 106 172 222 106 82 115 57 172 222 106 172 222 106 82 115 57 172 222 106 0 0 0 255 255 255 255 255 255 255 255 255 255 255 255 255 255 255 255 255 255 255 255 255 255 255 255 255 255 255 255 255 255 255 255 255 255 255 255 255 255 255 255 255 255 255 255 255 255 255 255 255 255 255 
255 255 255 255 255 255 255 255 255 255 255 255 255 255 255 255 255 255 255 255 255 255 255 255 255 255 255 255 255 255 255 255 255 255 255 255 255 255 255 255 255 255 255 255 255 255 255 255 255 255 255 255 255 255 255 255 255 255 255 255 0 0 0 0 0 0 0 0 0 172 222 106 172 222 106 0 0 0 0 0 0 255 255 255 255 255 255 255 255 255 255 255 255 255 255 255 255 255 255 255 255 255 255 255 255 255 255 255 255 255 255 255 255 255 255 255 255 255 255 255 255 255 255 255 255 255 255 255 255 255 255 255 255 255 255 
255 255 255 255 255 255 255 255 255 255 255 255 255 255 255 255 255 255 255 255 255 255 255 255 255 255 255 0 0 0 255 255 255 255 255 255 255 255 255 255 255 255 255 255 255 255 255 255 255 255 255 255 255 255 255 255 255 255 255 255 255 255 255 255 255 255 255 255 255 0 0 0 0 0 0 255 255 255 255 255 255 255 255 255 255 255 255 255 255 255 255 255 255 255 255 255 255 255 255 255 255 255 255 255 255 255 255 255 255 255 255 255 255 255 255 255 255 255 255 255 255 255 255 255 255 255 255 255 255 255 255 255 255 255 255 
